Pylon -58.78 0 6.33 0 0 0  50 0.7645
Pylon 40.8 0 7.815 0 0 0  50 0.8548
Pylon -56.96 0 -48.09 0 0 0  50 0.9181
Pylon 46.88 0 -47.73 0 0 0  50 0.8227
Pylon -59.16 0 -107.985 0 0 0  50 0.7126
Pylon 44.3 0 -119.055 0 0 0  50 0.7567
Pylon -43.76 0 -172.32 0 0 0  50 0.874
Pylon 43.7 0 -173.175 0 0 0  50 0.8416
Pylon -52.52 0 -237.03 0 0 0  50 0.7603
Pylon 45.32 0 -237.9 0 0 0  50 0.7399
Pylon -50.94 0 -292.875 0 0 0  50 0.7162
Pylon 40.26 0 -285.825 0 0 0  50 0.9898
Pylon -55.32 0 -358.77 0 0 0  50 0.9223
Pylon 45.76 0 -349.095 0 0 0  50 0.7309
Pylon -56.94 0 -409.335 0 0 0  50 0.8305
Pylon 48.94 0 -409.215 0 0 0  50 0.7453
Pylon -55.46 0 -476.745 0 0 0  50 0.9955
Pylon 41.7 0 -466.65 0 0 0  50 0.7582
Pylon -46.02 0 -538.215 0 0 0  50 0.9577
Pylon 42.7 0 -526.86 0 0 0  50 0.9796
Pylon -58.84 0 -585.555 0 0 0  50 0.859
Pylon 45.6 0 -597.36 0 0 0  50 0.7738
Pylon -48.72 0 -652.035 0 0 0  50 0.9871
Pylon 58.06 0 -656.475 0 0 0  50 0.9457
Pylon -48.08 0 -713.715 0 0 0  50 0.8497
Pylon 55.96 0 -719.625 0 0 0  50 0.9061
Pylon -54.12 0 -778.26 0 0 0  50 0.8791
Pylon 58.28 0 -777.915 0 0 0  50 0.826
Pylon -49 0 -825.03 0 0 0  50 0.9823
Pylon 41.74 0 -827.4 0 0 0  50 0.9523
Pylon -56.52 0 -893.85 0 0 0  50 0.9187
Pylon 56.3 0 -885.99 0 0 0  50 0.8392
Pylon -44.4 0 -945.69 0 0 0  50 0.9565
Pylon 40.78 0 -946.5 0 0 0  50 0.7948
Pylon -43.62 0 -1016.15 0 0 0  50 0.8329
Pylon 49.04 0 -1010.42 0 0 0  50 0.7834
Pylon -57.86 0 -1079.16 0 0 0  50 0.7147
Pylon 50.72 0 -1076.44 0 0 0  50 0.7366
Pylon -51.82 0 -1130.66 0 0 0  50 0.7411
Pylon 41.24 0 -1136.82 0 0 0  50 0.7714
Pylon -40.22 0 -1199.6 0 0 0  50 0.8845
Pylon 40.6 0 -1196.98 0 0 0  50 0.8512
Pylon -51.8 0 -1252.18 0 0 0  50 0.8014
Pylon 44.32 0 -1257.81 0 0 0  50 0.9094
Pylon -55.26 0 -1309.79 0 0 0  50 0.8113
Pylon 49.18 0 -1305.49 0 0 0  50 0.7702
Pylon -57.32 0 -1366.58 0 0 0  50 0.7753
Pylon 57.66 0 -1373.64 0 0 0  50 0.9931
Pylon -44.1 0 -1431.7 0 0 0  50 0.7249
Pylon 43.28 0 -1425.57 0 0 0  50 0.9622
Pylon -55.18 0 -1498.24 0 0 0  50 0.9382
Pylon 51.62 0 -1495.01 0 0 0  50 0.8242
Pylon -54.84 0 -1558.47 0 0 0  50 0.8887
Pylon 52.58 0 -1546.41 0 0 0  50 0.9043
Pylon -43.1 0 -1609.38 0 0 0  50 0.8947
Pylon 52.26 0 -1617.53 0 0 0  50 0.8971
Pylon -44.98 0 -1673.47 0 0 0  50 0.8869
Pylon 58.42 0 -1669.69 0 0 0  50 0.7165
Pylon -53.58 0 -1728.59 0 0 0  50 0.7117
Pylon 41.88 0 -1729.65 0 0 0  50 0.8743
Pylon -43.14 0 -1792.8 0 0 0  50 0.7438
Pylon 49.68 0 -1789.47 0 0 0  50 0.8491
Pylon -50.52 0 -1859.7 0 0 0  50 0.8257
Pylon 49.48 0 -1850.18 0 0 0  50 0.8446
Pylon -45.36 0 -1909.37 0 0 0  50 0.7411
Pylon 54.18 0 -1907.16 0 0 0  50 0.9259
Pylon -50.54 0 -1977.9 0 0 0  50 0.7798
Pylon 53.48 0 -1972.17 0 0 0  50 0.9292
Pylon -55.52 0 -2030.33 0 0 0  50 0.781
Pylon 57.72 0 -2038.67 0 0 0  50 0.7126
Pylon -43.28 0 -2099.86 0 0 0  50 0.7294
Pylon 57.66 0 -2092.3 0 0 0  50 0.7252
Pylon -46.5 0 -2157.42 0 0 0  50 0.9178
Pylon 58.06 0 -2149.36 0 0 0  50 0.7132
Pylon -44.32 0 -2206.17 0 0 0  50 0.7333
Pylon 59.9 0 -2219.2 0 0 0  50 0.8695
Pylon -50.52 0 -2278.98 0 0 0  50 0.8959
Pylon 42.12 0 -2271.47 0 0 0  50 0.9703
Pylon -58.1 0 -2338.08 0 0 0  50 0.7999
Pylon 47.12 0 -2336.05 0 0 0  50 0.7318
Pylon -45.6 0 -2388.05 0 0 0  50 0.9028
Pylon 52.96 0 -2392.8 0 0 0  50 0.8227
Pylon -58.28 0 -2454.92 0 0 0  50 0.9589
Pylon 43.7 0 -2450.66 0 0 0  50 0.8458
Pylon -57.6 0 -2505.68 0 0 0  50 0.9115
Pylon 50.8 0 -2516.58 0 0 0  50 0.754
Pylon -51.98 0 -2574.76 0 0 0  50 0.8389
Pylon 49.58 0 -2570.95 0 0 0  50 0.7615
Pylon -43.28 0 -2639.8 0 0 0  50 0.8845
Pylon 57.08 0 -2639.04 0 0 0  50 0.7231
Pylon -55.64 0 -2687.22 0 0 0  50 0.7879
Pylon 58.68 0 -2689.93 0 0 0  50 0.9499
Pylon -44.38 0 -2750.36 0 0 0  50 0.8605
Pylon 57.82 0 -2759.95 0 0 0  50 0.9946
Pylon -55.06 0 -2805.68 0 0 0  50 0.9052
Pylon 47.52 0 -2811.45 0 0 0  50 0.7432
Pylon -52.26 0 -2871.86 0 0 0  50 0.9298
Pylon 51.74 0 -2873.31 0 0 0  50 0.8395
Pylon -49.22 0 -2938.99 0 0 0  50 0.7393
Pylon 55.54 0 -2933.51 0 0 0  50 0.7924

