
Pylon 6.87455 0 -2665.35 0 0 0  50 0.8002
Pylon -29.3597 0 -2665.35 0 0 0  50 0.85
Pylon -70.7703 0 -2665.35 0 0 0  50 0.7507
Pylon -112.181 0 -2670.53 0 0 0  50 0.9172
Pylon -158.768 0 -2675.71 0 0 0  50 0.8434
Pylon -200.178 0 -2696.41 0 0 0  50 0.8074
Pylon -246.765 0 -2717.12 0 0 0  50 0.9886
Pylon -308.881 0 -2732.64 0 0 0  50 0.8392
Pylon -345.116 0 -2768.88 0 0 0  50 0.9115
Pylon -391.702 0 -2799.94 0 0 0  50 0.7435
Pylon -427.937 0 -2836.17 0 0 0  50 0.7843
Pylon -464.171 0 -2877.58 0 0 0  50 0.9481
Pylon -495.229 0 -2908.64 0 0 0  50 0.9883
Pylon -526.287 0 -2950.05 0 0 0  50 0.8473
Pylon -562.521 0 -3001.81 0 0 0  50 0.9985
Pylon -578.05 0 -3048.4 0 0 0  50 0.9826
Pylon -588.403 0 -3110.52 0 0 0  50 0.9481
Pylon -603.932 0 -3219.22 0 0 0  50 0.8308
Pylon -593.579 0 -3167.46 0 0 0  50 0.8173
Pylon -598.755 0 -3250.28 0 0 0  50 0.8812
Pylon -609.108 0 -3302.04 0 0 0  50 0.9706
Pylon -603.932 0 -3343.45 0 0 0  50 0.7459
Pylon -609.108 0 -3390.04 0 0 0  50 0.7876
Pylon -614.284 0 -3436.63 0 0 0  50 0.8146
Pylon -619.461 0 -3509.09 0 0 0  50 0.8263
Pylon -624.637 0 -3566.03 0 0 0  50 0.9148
Pylon -619.461 0 -3628.15 0 0 0  50 0.9154
Pylon -619.461 0 -3685.09 0 0 0  50 0.9685
Pylon -614.284 0 -3752.38 0 0 0  50 0.8341
Pylon -614.284 0 -3814.5 0 0 0  50 0.9178
Pylon -614.284 0 -3881.79 0 0 0  50 0.9313
Pylon -624.637 0 -3918.02 0 0 0  50 0.8614
Pylon -619.461 0 -3964.61 0 0 0  50 0.9607
Pylon -619.461 0 -4026.73 0 0 0  50 0.9736
Pylon -634.99 0 -4104.37 0 0 0  50 0.9001
Pylon -619.461 0 -4119.9 0 0 0  50 0.7897
Pylon -609.108 0 -4187.19 0 0 0  50 0.7105
Pylon -619.461 0 -4228.6 0 0 0  50 0.9682
Pylon -619.461 0 -4254.48 0 0 0  50 0.9109
Pylon -614.284 0 -4295.89 0 0 0  50 0.9433
Pylon -619.461 0 -4321.78 0 0 0  50 0.7966
Pylon -614.284 0 -4373.54 0 0 0  50 0.7999
Pylon -609.108 0 -4425.3 0 0 0  50 0.9019
Pylon -614.284 0 -4487.42 0 0 0  50 0.8992
Pylon -614.284 0 -4528.83 0 0 0  50 0.7423
Pylon -614.284 0 -4590.95 0 0 0  50 0.9133
Pylon -609.108 0 -4653.06 0 0 0  50 0.7759
Pylon -598.755 0 -4710 0 0 0  50 0.9604
Pylon -583.226 0 -4782.47 0 0 0  50 0.8641
Pylon -557.345 0 -4823.88 0 0 0  50 0.8932
Pylon -536.64 0 -4865.29 0 0 0  50 0.8986
Pylon -510.758 0 -4906.7 0 0 0  50 0.9271
Pylon -469.347 0 -4948.11 0 0 0  50 0.7111
Pylon -412.408 0 -4989.52 0 0 0  50 0.9577
Pylon -386.526 0 -5015.4 0 0 0  50 0.9169
Pylon -355.468 0 -5041.29 0 0 0  50 0.9223
Pylon -324.41 0 -5067.17 0 0 0  50 0.8587
Pylon -293.352 0 -5093.05 0 0 0  50 0.9334
Pylon -267.471 0 -5113.75 0 0 0  50 0.7948
Pylon -220.884 0 -5129.28 0 0 0  50 0.7105
Pylon -163.944 0 -5144.81 0 0 0  50 0.757
Pylon -122.534 0 -5155.16 0 0 0  50 0.9526
Pylon -75.9466 0 -5165.52 0 0 0  50 0.7864
Pylon -13.8307 0 -5175.87 0 0 0  50 0.7318
Pylon 43.1088 0 -5186.22 0 0 0  50 0.712
Pylon 94.8721 0 -5181.05 0 0 0  50 0.9826
Pylon 167.341 0 -5170.69 0 0 0  50 0.7792
Pylon 255.338 0 -5165.52 0 0 0  50 0.8944
Pylon 208.751 0 -5155.16 0 0 0  50 0.8338
Pylon 286.396 0 -5144.81 0 0 0  50 0.9415
Pylon 369.217 0 -5098.23 0 0 0  50 0.967
Pylon 327.807 0 -5113.75 0 0 0  50 0.9187
Pylon 395.099 0 -5072.34 0 0 0  50 0.811
Pylon 452.038 0 -5036.11 0 0 0  50 0.805
Pylon 503.802 0 -4989.52 0 0 0  50 0.7018
Pylon 555.565 0 -4937.76 0 0 0  50 0.7303
Pylon 607.328 0 -4865.29 0 0 0  50 0.8179
Pylon 586.623 0 -4891.17 0 0 0  50 0.8644
Pylon 534.86 0 -4963.64 0 0 0  50 0.8887
Pylon 477.92 0 -5010.23 0 0 0  50 0.8869
Pylon 420.981 0 -5046.46 0 0 0  50 0.7252
Pylon 643.562 0 -4818.7 0 0 0  50 0.9862
Pylon 664.268 0 -4746.24 0 0 0  50 0.9268
Pylon 674.62 0 -4694.47 0 0 0  50 0.952
Pylon 690.149 0 -4627.18 0 0 0  50 0.9898
Pylon 710.855 0 -4565.06 0 0 0  50 0.8128
Pylon 721.207 0 -4482.24 0 0 0  50 0.9793
Pylon 721.207 0 -4420.13 0 0 0  50 0.7924
Pylon 721.207 0 -4311.42 0 0 0  50 0.9832
Pylon 700.502 0 -4254.48 0 0 0  50 0.8317
Pylon 674.62 0 -4223.43 0 0 0  50 0.8878
Pylon 731.56 0 -4368.36 0 0 0  50 0.7969
Pylon 700.502 0 -3597.09 0 0 0  50 0.9499
Pylon 659.091 0 -3679.91 0 0 0  50 0.7345
Pylon 679.797 0 -3643.68 0 0 0  50 0.8917
Pylon 726.384 0 -3540.15 0 0 0  50 0.8974
Pylon 721.207 0 -3493.56 0 0 0  50 0.9112
Pylon 721.207 0 -3436.63 0 0 0  50 0.979
Pylon 710.855 0 -3358.98 0 0 0  50 0.9931
Pylon 710.855 0 -3333.1 0 0 0  50 0.7918
Pylon 710.855 0 -3270.98 0 0 0  50 0.9019
Pylon 710.855 0 -3188.16 0 0 0  50 0.8158
Pylon 58.6378 0 -2660.18 0 0 0  50 0.7063
Pylon 110.401 0 -2660.18 0 0 0  50 0.9235
Pylon 162.164 0 -2670.53 0 0 0  50 0.9772
Pylon 239.809 0 -2665.35 0 0 0  50 0.7216
Pylon 291.572 0 -2680.88 0 0 0  50 0.781
Pylon 332.983 0 -2696.41 0 0 0  50 0.9487
Pylon 364.041 0 -2711.94 0 0 0  50 0.9331
Pylon 415.804 0 -2732.64 0 0 0  50 0.8719
Pylon 467.567 0 -2774.06 0 0 0  50 0.7291
Pylon 508.978 0 -2799.94 0 0 0  50 0.8536
Pylon 534.86 0 -2831 0 0 0  50 0.9958
Pylon 581.447 0 -2872.41 0 0 0  50 0.787
Pylon 596.976 0 -2918.99 0 0 0  50 0.7483
Pylon 633.21 0 -2960.4 0 0 0  50 0.8908
Pylon 659.091 0 -3012.17 0 0 0  50 0.8065
Pylon 684.973 0 -3053.58 0 0 0  50 0.9301
Pylon 710.855 0 -3115.69 0 0 0  50 0.8965
Pylon 716.031 0 -3146.75 0 0 0  50 0.8722
Pylon -345.116 0 -4171.66 0 0 0  50 0.7093
Pylon -345.116 0 -4130.25 0 0 0  50 0.7156
Pylon -350.292 0 -4078.49 0 0 0  50 0.805
Pylon -360.644 0 -4000.84 0 0 0  50 0.745
Pylon -345.116 0 -3928.38 0 0 0  50 0.9823
Pylon -355.468 0 -3881.79 0 0 0  50 0.9172
Pylon -345.116 0 -3830.03 0 0 0  50 0.9898
Pylon -350.292 0 -3773.09 0 0 0  50 0.829
Pylon -345.116 0 -3700.62 0 0 0  50 0.7321
Pylon -350.292 0 -3617.8 0 0 0  50 0.7573
Pylon -350.292 0 -3654.03 0 0 0  50 0.7021
Pylon -339.939 0 -3586.74 0 0 0  50 0.8011
Pylon -350.292 0 -3545.33 0 0 0  50 0.8371
Pylon -350.292 0 -3493.56 0 0 0  50 0.7861
Pylon -355.468 0 -3431.45 0 0 0  50 0.9259
Pylon -350.292 0 -3390.04 0 0 0  50 0.8149
Pylon -350.292 0 -3327.92 0 0 0  50 0.9835
Pylon -345.116 0 -3296.86 0 0 0  50 0.9727
Pylon -329.587 0 -3255.45 0 0 0  50 0.7627
Pylon -329.587 0 -3203.69 0 0 0  50 0.9274
Pylon -324.41 0 -3151.93 0 0 0  50 0.7663
Pylon -303.705 0 -3110.52 0 0 0  50 0.8764
Pylon -277.823 0 -3069.11 0 0 0  50 0.8266
Pylon -246.765 0 -3048.4 0 0 0  50 0.9838
Pylon -205.355 0 -3022.52 0 0 0  50 0.8518
Pylon -153.592 0 -2996.64 0 0 0  50 0.709
Pylon -112.181 0 -2981.11 0 0 0  50 0.8239
Pylon -55.2413 0 -2986.28 0 0 0  50 0.7504
Pylon 100.048 0 -2981.11 0 0 0  50 0.97
Pylon 141.459 0 -3001.81 0 0 0  50 0.8773
Pylon 198.399 0 -3027.7 0 0 0  50 0.9286
Pylon 239.809 0 -3048.4 0 0 0  50 0.8965
Pylon 286.396 0 -3079.46 0 0 0  50 0.823
Pylon 332.983 0 -3120.87 0 0 0  50 0.8077
Pylon 358.865 0 -3167.46 0 0 0  50 0.8872
Pylon 395.099 0 -3224.4 0 0 0  50 0.8611
Pylon 431.333 0 -3296.86 0 0 0  50 0.8644
Pylon 431.333 0 -3369.33 0 0 0  50 0.8449
Pylon 426.157 0 -3436.63 0 0 0  50 0.8785
Pylon 426.157 0 -3493.56 0 0 0  50 0.7123
Pylon 441.686 0 -3633.33 0 0 0  50 0.8806
Pylon 457.215 0 -3669.56 0 0 0  50 0.805
Pylon 441.686 0 -3586.74 0 0 0  50 0.7873
Pylon 436.509 0 -3540.15 0 0 0  50 0.9508
Pylon 467.567 0 -4223.43 0 0 0  50 0.7597
Pylon 446.862 0 -4270.01 0 0 0  50 0.9004
Pylon 431.333 0 -4316.6 0 0 0  50 0.8452
Pylon 420.981 0 -4363.19 0 0 0  50 0.7843
Pylon 420.981 0 -4409.77 0 0 0  50 0.9202
Pylon 420.981 0 -4466.71 0 0 0  50 0.7159
Pylon 410.628 0 -4528.83 0 0 0  50 0.9997
Pylon 384.746 0 -4585.77 0 0 0  50 0.8254
Pylon -334.763 0 -4233.78 0 0 0  50 0.9814
Pylon -345.116 0 -4290.72 0 0 0  50 0.97
Pylon -350.292 0 -4373.54 0 0 0  50 0.9364
Pylon -339.939 0 -4425.3 0 0 0  50 0.7381
Pylon -345.116 0 -4487.42 0 0 0  50 0.8401
Pylon -334.763 0 -4565.06 0 0 0  50 0.9184
Pylon -303.705 0 -4606.47 0 0 0  50 0.9679
Pylon -277.823 0 -4642.71 0 0 0  50 0.8944
Pylon -241.589 0 -4684.12 0 0 0  50 0.8449
Pylon -195.002 0 -4725.53 0 0 0  50 0.9421
Pylon -158.768 0 -4746.24 0 0 0  50 0.8263
Pylon -127.71 0 -4751.41 0 0 0  50 0.793
Pylon -96.6519 0 -4756.59 0 0 0  50 0.8851
Pylon -39.7124 0 -4787.65 0 0 0  50 0.9439
Pylon 17.2272 0 -4787.65 0 0 0  50 0.8542
Pylon 74.1668 0 -4777.29 0 0 0  50 0.7927
Pylon 115.577 0 -4772.12 0 0 0  50 0.8848
Pylon 151.812 0 -4756.59 0 0 0  50 0.9805
Pylon 250.162 0 -4699.65 0 0 0  50 0.8353
Pylon 291.572 0 -4673.77 0 0 0  50 0.88
Pylon 343.336 0 -4627.18 0 0 0  50 0.7747
Pylon 343.336 0 -4627.18 0 0 0  50 0.8557
Pylon 203.575 0 -4725.53 0 0 0  50 0.8668
Tunnel -479.7 0 -3902.49  0
Tunnel 560.741 0 -3954.26  0
Pylon -8.65442 0 -2986.28 0 0 0  50 0.9394
Pylon 22.4035 0 -2970.76 0 0 0  50 0.7909
Pylon 58.6378 0 -2970.76 0 0 0  50 0.7672
RoboticCar -110.896 0 -2842.45 -97.5715 0 -21.9042  5000 256.738 false maincar1