Pylon -58.78 0 6.33 0 0 0  50 0.7645
Pylon -56.96 0 -48.09 0 0 0  50 0.9181
Pylon -59.16 0 -107.985 0 0 0  50 0.7126
Pylon -43.76 0 -172.32 0 0 0  50 0.874
Pylon -52.52 0 -237.03 0 0 0  50 0.7603
Pylon -50.94 0 -292.875 0 0 0  50 0.7162
Pylon -55.32 0 -358.77 0 0 0  50 0.9223
Pylon -56.94 0 -409.335 0 0 0  50 0.8305
Pylon -55.46 0 -476.745 0 0 0  50 0.9955
Pylon -46.02 0 -538.215 0 0 0  50 0.9577
Pylon -58.84 0 -585.555 0 0 0  50 0.859
Pylon -48.72 0 -652.035 0 0 0  50 0.9871
Pylon -48.08 0 -713.715 0 0 0  50 0.8497
Pylon -54.12 0 -778.26 0 0 0  50 0.8791
Pylon -49 0 -825.03 0 0 0  50 0.9823
Pylon -56.52 0 -893.85 0 0 0  50 0.9187
Pylon -44.4 0 -945.69 0 0 0  50 0.9565
Pylon -43.62 0 -1016.15 0 0 0  50 0.8329
Pylon -57.86 0 -1079.16 0 0 0  50 0.7147
Pylon -51.82 0 -1130.66 0 0 0  50 0.7411
Pylon -40.22 0 -1199.6 0 0 0  50 0.8845
Pylon -51.8 0 -1252.18 0 0 0  50 0.8014
Pylon -55.26 0 -1309.79 0 0 0  50 0.8113
Pylon -57.32 0 -1366.58 0 0 0  50 0.7753
Pylon -44.1 0 -1431.7 0 0 0  50 0.7249
Pylon -55.18 0 -1498.24 0 0 0  50 0.9382
Pylon -54.84 0 -1558.47 0 0 0  50 0.8887
Pylon -43.1 0 -1609.38 0 0 0  50 0.8947
Pylon -44.98 0 -1673.47 0 0 0  50 0.8869
Pylon -53.58 0 -1728.59 0 0 0  50 0.7117
Pylon -43.14 0 -1792.8 0 0 0  50 0.7438
Pylon -50.52 0 -1859.7 0 0 0  50 0.8257
Pylon -45.36 0 -1909.37 0 0 0  50 0.7411
Pylon -50.54 0 -1977.9 0 0 0  50 0.7798
Pylon -55.52 0 -2030.33 0 0 0  50 0.781
Pylon -43.28 0 -2099.86 0 0 0  50 0.7294
Pylon -46.5 0 -2157.42 0 0 0  50 0.9178
Pylon -44.32 0 -2206.17 0 0 0  50 0.7333
Pylon -50.52 0 -2278.98 0 0 0  50 0.8959
Pylon -58.1 0 -2338.08 0 0 0  50 0.7999
Pylon -45.6 0 -2388.05 0 0 0  50 0.9028
Pylon -58.28 0 -2454.92 0 0 0  50 0.9589
Pylon -57.6 0 -2505.68 0 0 0  50 0.9115
Pylon -51.98 0 -2574.76 0 0 0  50 0.8389
Pylon -43.28 0 -2639.8 0 0 0  50 0.8845
Pylon -55.64 0 -2687.22 0 0 0  50 0.7879
Pylon -44.38 0 -2750.36 0 0 0  50 0.8605
Pylon -55.06 0 -2805.68 0 0 0  50 0.9052
Pylon -52.26 0 -2871.86 0 0 0  50 0.9298
Pylon -49.22 0 -2938.99 0 0 0  50 0.7393
RoboticCar 0 0 0 0 0 -0  5000 180 false maincar1
Pylon 177.531 0 -11.0957 0 0 0  50 0.8401
Pylon 177.531 0 -55.4785 0 0 0  50 0.8002
Pylon 166.435 0 -110.957 0 0 0  50 0.85
Pylon 166.435 0 -160.888 0 0 0  50 0.7507
Pylon 177.531 0 -210.818 0 0 0  50 0.9172
Pylon 171.983 0 -271.845 0 0 0  50 0.8434
Pylon 171.983 0 -343.967 0 0 0  50 0.8074
Pylon 166.435 0 -382.801 0 0 0  50 0.9886
Pylon 160.888 0 -438.28 0 0 0  50 0.8392
Pylon 155.34 0 -504.854 0 0 0  50 0.9115
Pylon 166.435 0 -549.237 0 0 0  50 0.7435
Pylon 166.435 0 -615.811 0 0 0  50 0.7843
Pylon 166.435 0 -665.742 0 0 0  50 0.9481
Pylon 171.983 0 -715.672 0 0 0  50 0.9883
Pylon 160.888 0 -765.603 0 0 0  50 0.8473
Pylon 171.983 0 -832.177 0 0 0  50 0.9985
Pylon 160.888 0 -893.203 0 0 0  50 0.9826
Pylon 171.983 0 -965.325 0 0 0  50 0.9481
Pylon 171.983 0 -965.325 0 0 0  50 0.8308
Pylon 171.983 0 -1015.26 0 0 0  50 0.8173
Pylon 171.983 0 -1092.93 0 0 0  50 0.8812
Pylon 171.983 0 -1153.95 0 0 0  50 0.9706
Pylon 171.983 0 -1209.43 0 0 0  50 0.7459
Pylon 160.888 0 -1270.46 0 0 0  50 0.7876
Pylon 171.983 0 -1320.39 0 0 0  50 0.8146
Pylon 171.983 0 -1359.22 0 0 0  50 0.8263
Pylon 177.531 0 -1414.7 0 0 0  50 0.9148
Pylon 171.983 0 -1453.54 0 0 0  50 0.9154
Pylon 166.435 0 -1520.11 0 0 0  50 0.9685
Pylon 177.531 0 -1575.59 0 0 0  50 0.8341
Pylon 177.531 0 -1625.52 0 0 0  50 0.9178
Pylon 183.079 0 -1669.9 0 0 0  50 0.9313
Pylon 177.531 0 -1742.02 0 0 0  50 0.8614
Pylon 183.079 0 -1814.15 0 0 0  50 0.9607
Pylon 177.531 0 -1858.53 0 0 0  50 0.9736
Pylon 183.079 0 -1919.56 0 0 0  50 0.9001
Pylon 188.627 0 -1991.68 0 0 0  50 0.7897
Pylon 188.627 0 -2041.61 0 0 0  50 0.7105
Pylon 183.079 0 -2108.18 0 0 0  50 0.9682
Pylon 183.079 0 -2158.11 0 0 0  50 0.9109
Pylon 183.079 0 -2213.59 0 0 0  50 0.9433
Pylon 183.079 0 -2274.62 0 0 0  50 0.7966
Pylon 171.983 0 -2335.64 0 0 0  50 0.7999
Pylon 177.531 0 -2402.22 0 0 0  50 0.9019
Pylon 183.079 0 -2479.89 0 0 0  50 0.8992
Pylon 188.627 0 -2540.91 0 0 0  50 0.7423
Pylon 194.175 0 -2590.84 0 0 0  50 0.9133
Pylon 183.079 0 -2668.51 0 0 0  50 0.7759
Pylon 188.627 0 -2740.64 0 0 0  50 0.9604
Pylon 183.079 0 -2790.57 0 0 0  50 0.8641
Pylon 183.079 0 -2851.59 0 0 0  50 0.8932
Pylon 188.627 0 -2929.26 0 0 0  50 0.8986
