Tunnel 1300.33 0 -1254.79  -0.45507
StopSign 1398.4 125 -2184.25  3.14159
TrafficLight 490.929 100 -2965.37 0 0 0  10000 75.194 107522
TrafficLight -416.543 100 -1851.13 0 0 0  10000 -180 107522
Pylon -489.828 0 -2083.54 0 0 0  50 0.7123
Pylon -81.9681 0 -18.7566 0 0 0  50 0.8401
Pylon -81.9681 0 -44.2478 0 0 0  50 0.8002
Pylon -81.9681 0 -76.1118 0 0 0  50 0.85
Pylon -81.9681 0 -114.349 0 0 0  50 0.7507
Pylon -81.9681 0 -146.213 0 0 0  50 0.9172
Pylon -81.9681 0 -197.195 0 0 0  50 0.8434
Pylon -81.9681 0 -248.177 0 0 0  50 0.8074
Pylon -88.3409 0 -292.787 0 0 0  50 0.9886
Pylon -88.3409 0 -337.397 0 0 0  50 0.8392
Pylon -94.7137 0 -382.006 0 0 0  50 0.9115
Pylon -88.3409 0 -432.989 0 0 0  50 0.7435
Pylon -94.7137 0 -464.853 0 0 0  50 0.7843
Pylon -94.7137 0 -515.835 0 0 0  50 0.9481
Pylon -94.7137 0 -554.072 0 0 0  50 0.9883
Pylon -88.3409 0 -611.427 0 0 0  50 0.8473
Pylon -88.3409 0 -643.291 0 0 0  50 0.9985
Pylon -75.5953 0 -694.274 0 0 0  50 0.9826
Pylon -50.1041 0 -738.883 0 0 0  50 0.9481
Pylon -18.2401 0 -751.629 0 0 0  50 0.8308
Pylon 19.9967 0 -770.747 0 0 0  50 0.8173
Pylon 77.352 0 -783.493 0 0 0  50 0.8812
Pylon 115.589 0 -789.866 0 0 0  50 0.9706
Pylon 147.453 0 -796.239 0 0 0  50 0.7459
Pylon 192.062 0 -789.866 0 0 0  50 0.7876
Pylon 211.181 0 -789.866 0 0 0  50 0.8146
Pylon 45.4879 0 -789.866 0 0 0  50 0.8263
Pylon -5.49449 0 -770.747 0 0 0  50 0.9148
Pylon -69.2225 0 -726.138 0 0 0  50 0.9154
Pylon -88.3409 0 -681.528 0 0 0  50 0.9685
Pylon -94.7137 0 -592.309 0 0 0  50 0.8341
Pylon 96.4704 0 -25.1294 0 0 0  50 0.9178
Pylon 96.4704 0 -63.3662 0 0 0  50 0.9313
Pylon 96.4704 0 -107.976 0 0 0  50 0.8614
Pylon 90.0976 0 -139.84 0 0 0  50 0.9607
Pylon 90.0976 0 -178.077 0 0 0  50 0.9736
Pylon 90.0976 0 -216.313 0 0 0  50 0.9001
Pylon 83.7248 0 -260.923 0 0 0  50 0.7897
Pylon 83.7248 0 -292.787 0 0 0  50 0.7105
Pylon 90.0976 0 -324.651 0 0 0  50 0.9682
Pylon 83.7248 0 -369.261 0 0 0  50 0.9109
Pylon 83.7248 0 -413.87 0 0 0  50 0.9433
Pylon 83.7248 0 -445.734 0 0 0  50 0.7966
Pylon 90.0976 0 -490.344 0 0 0  50 0.7999
Pylon 102.843 0 -547.699 0 0 0  50 0.9019
Pylon 134.707 0 -598.682 0 0 0  50 0.8992
Pylon 172.944 0 -624.173 0 0 0  50 0.7423
Pylon 204.808 0 -636.918 0 0 0  50 0.9133
Pylon 121.962 0 -579.563 0 0 0  50 0.7759
Pylon 230.299 0 -649.664 0 0 0  50 0.9604
Pylon 160.198 0 -624.173 0 0 0  50 0.8641
Pylon 663.65 0 -656.037 0 0 0  50 0.8932
Pylon 708.259 0 -662.41 0 0 0  50 0.8986
Pylon 765.615 0 -656.037 0 0 0  50 0.9271
Pylon 803.852 0 -636.918 0 0 0  50 0.7111
Pylon 822.97 0 -617.8 0 0 0  50 0.9577
Pylon 854.834 0 -592.309 0 0 0  50 0.9169
Pylon 918.562 0 -560.445 0 0 0  50 0.9223
Pylon 880.325 0 -573.19 0 0 0  50 0.8587
Pylon 963.172 0 -560.445 0 0 0  50 0.9334
Pylon 1014.15 0 -560.445 0 0 0  50 0.7948
Pylon 1071.51 0 -566.818 0 0 0  50 0.7105
Pylon 663.65 0 -796.239 0 0 0  50 0.757
Pylon 682.768 0 -796.239 0 0 0  50 0.9526
Pylon 727.378 0 -796.239 0 0 0  50 0.7864
Pylon 765.615 0 -789.866 0 0 0  50 0.7318
Pylon 803.852 0 -796.239 0 0 0  50 0.712
Pylon 835.716 0 -802.611 0 0 0  50 0.9826
Pylon 956.799 0 -834.475 0 0 0  50 0.7792
Pylon 1001.41 0 -834.475 0 0 0  50 0.8944
Pylon 1039.65 0 -821.73 0 0 0  50 0.8338
Pylon 1077.88 0 -821.73 0 0 0  50 0.9415
Pylon 1109.75 0 -802.611 0 0 0  50 0.967
Pylon 975.917 0 -713.392 0 0 0  50 0.9187
Pylon 956.799 0 -700.647 0 0 0  50 0.811
Pylon 975.917 0 -694.274 0 0 0  50 0.805
Pylon 1001.41 0 -707.019 0 0 0  50 0.7018
Pylon 1205.34 0 -968.304 0 0 0  50 0.7303
Pylon 1109.75 0 -585.936 0 0 0  50 0.8179
Pylon 1046.02 0 -566.818 0 0 0  50 0.8644
Pylon 1090.63 0 -585.936 0 0 0  50 0.8887
Pylon 1141.61 0 -611.427 0 0 0  50 0.8869
Pylon 1173.47 0 -643.291 0 0 0  50 0.7252
Pylon 1198.97 0 -649.664 0 0 0  50 0.9862
Pylon 1249.95 0 -656.037 0 0 0  50 0.9268
Pylon 1320.05 0 -668.783 0 0 0  50 0.952
Pylon 1345.54 0 -694.274 0 0 0  50 0.9898
Pylon 1288.18 0 -662.41 0 0 0  50 0.8128
Pylon 1154.36 0 -630.546 0 0 0  50 0.9793
Pylon 1218.08 0 -649.664 0 0 0  50 0.7924
Pylon 1390.15 0 -981.05 0 0 0  50 0.9832
Pylon 1396.52 0 -917.322 0 0 0  50 0.8317
Pylon 1402.9 0 -885.458 0 0 0  50 0.8878
Pylon 1402.9 0 -847.221 0 0 0  50 0.7969
Pylon 1402.9 0 -815.357 0 0 0  50 0.8611
Pylon 1409.27 0 -764.375 0 0 0  50 0.8614
Pylon 1390.15 0 -732.511 0 0 0  50 0.7354
Pylon 1377.4 0 -713.392 0 0 0  50 0.7246
Pylon 1358.29 0 -687.901 0 0 0  50 0.9787
Pylon 1339.17 0 -675.155 0 0 0  50 0.8623
Pylon 1205.34 0 -917.322 0 0 0  50 0.9499
Pylon 1198.97 0 -1535.48 0 0 0  50 0.7345
Pylon 1205.34 0 -1580.09 0 0 0  50 0.8917
Pylon 1211.71 0 -1637.45 0 0 0  50 0.8974
Pylon 1211.71 0 -1701.18 0 0 0  50 0.9112
Pylon 1224.46 0 -1758.53 0 0 0  50 0.979
Pylon 1211.71 0 -1809.51 0 0 0  50 0.9931
Pylon 1205.34 0 -1879.62 0 0 0  50 0.7918
Pylon 1198.97 0 -1949.72 0 0 0  50 0.9019
Pylon 1192.59 0 -2026.19 0 0 0  50 0.8158
Pylon 1179.85 0 -2121.78 0 0 0  50 0.7063
Pylon 1173.47 0 -2211 0 0 0  50 0.9235
Pylon 1179.85 0 -2255.61 0 0 0  50 0.9772
Pylon 1179.85 0 -2166.39 0 0 0  50 0.7216
Pylon 1179.85 0 -2077.17 0 0 0  50 0.781
Pylon 1192.59 0 -1987.95 0 0 0  50 0.9487
Pylon 1205.34 0 -1917.85 0 0 0  50 0.9331
Pylon 1402.9 0 -1529.11 0 0 0  50 0.8719
Pylon 1402.9 0 -1560.97 0 0 0  50 0.7291
Pylon 1402.9 0 -1618.33 0 0 0  50 0.8536
Pylon 1402.9 0 -1669.31 0 0 0  50 0.9958
Pylon 1409.27 0 -1733.04 0 0 0  50 0.787
Pylon 1396.52 0 -1777.65 0 0 0  50 0.7483
Pylon 1396.52 0 -1828.63 0 0 0  50 0.8908
Pylon 1396.52 0 -1898.73 0 0 0  50 0.8065
Pylon 1390.15 0 -1968.83 0 0 0  50 0.9301
Pylon 1390.15 0 -2038.94 0 0 0  50 0.8965
Pylon 1383.78 0 -2096.29 0 0 0  50 0.8722
Pylon 1383.78 0 -2160.02 0 0 0  50 0.7093
Pylon 1383.78 0 -2191.88 0 0 0  50 0.7156
Pylon 1377.4 0 -2242.86 0 0 0  50 0.805
Pylon 1377.4 0 -2287.47 0 0 0  50 0.745
Pylon 1364.66 0 -2376.69 0 0 0  50 0.9823
Pylon 931.308 0 -2383.07 0 0 0  50 0.9172
Pylon 988.663 0 -2376.69 0 0 0  50 0.9898
Pylon 1071.51 0 -2383.07 0 0 0  50 0.829
Pylon 1160.73 0 -2389.44 0 0 0  50 0.7321
Pylon 1396.52 0 -2408.56 0 0 0  50 0.7573
Pylon 1422.01 0 -2408.56 0 0 0  50 0.7021
Pylon 1447.5 0 -2408.56 0 0 0  50 0.8011
Pylon 1492.11 0 -2408.56 0 0 0  50 0.8371
Pylon 1466.62 0 -2408.56 0 0 0  50 0.7861
Pylon 1549.47 0 -2402.18 0 0 0  50 0.9259
Pylon 1517.61 0 -2414.93 0 0 0  50 0.8149
Pylon 1594.08 0 -2414.93 0 0 0  50 0.9835
Pylon 1632.32 0 -2414.93 0 0 0  50 0.9727
Pylon 1651.43 0 -2414.93 0 0 0  50 0.7627
Pylon 1135.24 0 -2395.81 0 0 0  50 0.9274
Pylon 1109.75 0 -2395.81 0 0 0  50 0.7663
Pylon 1046.02 0 -2389.44 0 0 0  50 0.8764
Pylon 1026.9 0 -2389.44 0 0 0  50 0.8266
Pylon 969.544 0 -2389.44 0 0 0  50 0.9838
Pylon 1084.25 0 -2395.81 0 0 0  50 0.8518
Pylon 1173.47 0 -2293.85 0 0 0  50 0.709
Pylon 1173.47 0 -2325.71 0 0 0  50 0.8239
Pylon 1167.1 0 -2351.2 0 0 0  50 0.7504
Pylon 1167.1 0 -2376.69 0 0 0  50 0.97
Pylon 1377.4 0 -2344.83 0 0 0  50 0.8773
Pylon 1377.4 0 -2128.15 0 0 0  50 0.9286
Pylon 1383.78 0 -2007.07 0 0 0  50 0.8965
Pylon 1396.52 0 -1866.87 0 0 0  50 0.823
Pylon 1358.29 0 -2478.66 0 0 0  50 0.8077
Pylon 1351.91 0 -2516.9 0 0 0  50 0.8872
Pylon 1339.17 0 -2548.76 0 0 0  50 0.8611
Pylon 1326.42 0 -2580.62 0 0 0  50 0.8644
Pylon 1300.93 0 -2606.11 0 0 0  50 0.8449
Pylon 1275.44 0 -2631.61 0 0 0  50 0.8785
Pylon 1249.95 0 -2657.1 0 0 0  50 0.7123
Pylon 1211.71 0 -2695.33 0 0 0  50 0.8806
Pylon 1186.22 0 -2701.71 0 0 0  50 0.805
Pylon 1147.98 0 -2720.83 0 0 0  50 0.7873
Pylon 1116.12 0 -2733.57 0 0 0  50 0.9508
Pylon 1097 0 -2765.43 0 0 0  50 0.8122
Pylon 1046.02 0 -2790.93 0 0 0  50 0.706
Pylon 988.663 0 -2803.67 0 0 0  50 0.8788
Pylon 963.172 0 -2810.04 0 0 0  50 0.7063
Pylon 918.562 0 -2822.79 0 0 0  50 0.8044
Pylon 873.952 0 -2848.28 0 0 0  50 0.7597
Pylon 835.716 0 -2873.77 0 0 0  50 0.9004
Pylon 791.106 0 -2880.15 0 0 0  50 0.8452
Pylon 721.005 0 -2892.89 0 0 0  50 0.7843
Pylon 752.869 0 -2892.89 0 0 0  50 0.9202
Pylon 663.65 0 -2912.01 0 0 0  50 0.7159
Pylon 682.768 0 -2905.64 0 0 0  50 0.9997
Pylon 619.04 0 -2924.75 0 0 0  50 0.8254
Pylon 555.312 0 -2931.13 0 0 0  50 0.9814
Pylon 580.803 0 -2931.13 0 0 0  50 0.97
Pylon 517.075 0 -2943.87 0 0 0  50 0.9364
Pylon 466.093 0 -2950.25 0 0 0  50 0.7381
Pylon 415.111 0 -2950.25 0 0 0  50 0.8401
Pylon 376.874 0 -2956.62 0 0 0  50 0.9184
Pylon 345.01 0 -2950.25 0 0 0  50 0.9679
Pylon 300.4 0 -2950.25 0 0 0  50 0.8944
Pylon 274.909 0 -2956.62 0 0 0  50 0.8449
Pylon 249.418 0 -2956.62 0 0 0  50 0.9421
Pylon 1147.98 0 -2459.54 0 0 0  50 0.8263
Pylon 1135.24 0 -2478.66 0 0 0  50 0.793
Pylon 1122.49 0 -2504.15 0 0 0  50 0.8851
Pylon 1097 0 -2529.64 0 0 0  50 0.9439
Pylon 1071.51 0 -2548.76 0 0 0  50 0.8542
Pylon 1052.39 0 -2555.13 0 0 0  50 0.7927
Pylon 1020.53 0 -2580.62 0 0 0  50 0.8848
Pylon 963.172 0 -2599.74 0 0 0  50 0.9805
Pylon 988.663 0 -2587 0 0 0  50 0.8353
Pylon 937.68 0 -2618.86 0 0 0  50 0.88
Pylon 905.816 0 -2631.61 0 0 0  50 0.7747
Pylon 880.325 0 -2650.72 0 0 0  50 0.8557
Pylon 848.461 0 -2663.47 0 0 0  50 0.8668
Pylon 810.224 0 -2682.59 0 0 0  50 0.9394
Pylon 759.242 0 -2701.71 0 0 0  50 0.7909
Pylon 714.632 0 -2727.2 0 0 0  50 0.7672
Pylon 657.277 0 -2733.57 0 0 0  50 0.7024
Pylon 689.141 0 -2733.57 0 0 0  50 0.9532
Pylon 619.04 0 -2746.32 0 0 0  50 0.8827
Pylon 568.058 0 -2752.69 0 0 0  50 0.9967
Pylon 536.194 0 -2771.81 0 0 0  50 0.9106
Pylon -496.2 0 -2555.13 0 0 0  50 0.7585
Pylon -496.2 0 -2593.37 0 0 0  50 0.8455
Pylon -496.2 0 -2625.23 0 0 0  50 0.7279
Pylon -496.2 0 -2663.47 0 0 0  50 0.8029
Pylon -489.828 0 -2695.33 0 0 0  50 0.8569
Pylon -477.082 0 -2727.2 0 0 0  50 0.8761
Pylon -464.336 0 -2759.06 0 0 0  50 0.7942
Pylon -426.099 0 -2797.3 0 0 0  50 0.8509
Pylon -445.218 0 -2784.55 0 0 0  50 0.8344
Pylon -400.608 0 -2822.79 0 0 0  50 0.76
Pylon -355.999 0 -2854.65 0 0 0  50 0.8374
Pylon -298.643 0 -2886.52 0 0 0  50 0.8854
Pylon 223.926 0 -2969.36 0 0 0  50 0.874
Pylon -349.626 0 -2542.39 0 0 0  50 0.9388
Pylon -330.507 0 -2587 0 0 0  50 0.9394
Pylon -305.016 0 -2606.11 0 0 0  50 0.7843
Pylon -279.525 0 -2637.98 0 0 0  50 0.8767
Pylon -247.661 0 -2669.84 0 0 0  50 0.9394
Pylon -209.424 0 -2695.33 0 0 0  50 0.7027
Pylon -918.964 0 -946.059 0 0 0  50 0.7471
Pylon -907.072 0 -898.491 0 0 0  50 0.8416
Pylon 103.754 0 17.199 0 0 0  50 0.8866
Pylon 103.754 0 52.8752 0 0 0  50 0.8614
Pylon 91.862 0 88.5514 0 0 0  50 0.7876
Pylon 68.0779 0 171.796 0 0 0  50 0.7114
Pylon 8.61755 0 219.364 0 0 0  50 0.7537
Pylon -50.8428 0 243.148 0 0 0  50 0.757
Pylon -110.303 0 243.148 0 0 0  50 0.8971
Pylon -181.656 0 243.148 0 0 0  50 0.9874
Pylon -217.332 0 243.148 0 0 0  50 0.7573
Pylon -324.36 0 231.256 0 0 0  50 0.9445
Pylon -288.684 0 231.256 0 0 0  50 0.9664
Pylon -1049.78 0 -934.167 0 0 0  50 0.7468
Pylon -1061.67 0 -874.706 0 0 0  50 0.8533
Pylon -1073.56 0 -827.138 0 0 0  50 0.7606
Pylon -1073.56 0 -779.57 0 0 0  50 0.8902
Pylon -1073.56 0 -696.325 0 0 0  50 0.7816
Pylon 205.012 0 -2788.77 0 0 0  50 0.7165
Pylon 255.466 0 -2788.77 0 0 0  50 0.7984
Pylon 297.51 0 -2780.37 0 0 0  50 0.8938
Pylon 482.508 0 -2780.37 0 0 0  50 0.8086
Pylon 448.872 0 -2788.77 0 0 0  50 0.9658
Pylon 406.827 0 -2771.96 0 0 0  50 0.9625
Pylon 347.964 0 -2788.77 0 0 0  50 0.8299
Pylon 87.2863 0 129.136 0 0 0  50 0.9607
Pylon 36.8325 0 187.999 0 0 0  50 0.7426
Pylon -97.7109 0 3.0014 0 0 0  50 0.9532
Pylon -114.529 0 28.2283 0 0 0  50 0.8248
Pylon -148.165 0 45.0462 0 0 0  50 0.9643
Pylon -190.21 0 45.0462 0 0 0  50 0.9994
Pylon -240.663 0 45.0462 0 0 0  50 0.7966
Tunnel -669.521 0 -181.996  46.3322
Pylon -403.458 0 -57.0915 0 0 0  50 0.8953
Pylon -376.137 0 -29.7707 0 0 0  50 0.7063
Pylon -355.647 0 -16.1103 0 0 0  50 0.9097
Pylon -335.156 0 4.38028 0 0 0  50 0.8671
Pylon -260.024 0 38.5313 0 0 0  50 0.8428
Pylon -546.892 0 72.6823 0 0 0  50 0.9676
Pylon -519.571 0 93.1729 0 0 0  50 0.8167
Pylon -499.081 0 113.664 0 0 0  50 0.7225
Pylon -471.76 0 140.984 0 0 0  50 0.9136
Pylon -444.439 0 161.475 0 0 0  50 0.88
Pylon -417.118 0 181.966 0 0 0  50 0.853
Pylon -382.967 0 202.456 0 0 0  50 0.7009
Pylon -321.496 0 222.947 0 0 0  50 0.9607
Pylon -232.703 0 243.437 0 0 0  50 0.9583
Pylon -150.74 0 243.437 0 0 0  50 0.9064
Pylon -82.4385 0 250.268 0 0 0  50 0.8203
Pylon -14.1365 0 250.268 0 0 0  50 0.9367
Pylon -936.214 0 -289.318 0 0 0  50 0.7765
Pylon -956.704 0 -316.639 0 0 0  50 0.8269
Pylon -977.195 0 -350.79 0 0 0  50 0.7006
Pylon -1004.52 0 -371.281 0 0 0  50 0.8755
Pylon -1025.01 0 -398.602 0 0 0  50 0.7546
Pylon -1031.84 0 -419.092 0 0 0  50 0.7855
Pylon -1045.5 0 -453.243 0 0 0  50 0.7264
Pylon -1052.33 0 -501.055 0 0 0  50 0.8278
Pylon -1059.16 0 -555.696 0 0 0  50 0.8851
Pylon -1065.99 0 -603.508 0 0 0  50 0.9271
Pylon -1079.65 0 -651.319 0 0 0  50 0.9496
Pylon -792.779 0 -453.243 0 0 0  50 0.9796
Pylon -813.27 0 -480.564 0 0 0  50 0.7507
Pylon -826.93 0 -507.885 0 0 0  50 0.7462
Pylon -840.591 0 -535.206 0 0 0  50 0.9163
Pylon -854.251 0 -569.357 0 0 0  50 0.7567
Pylon -874.742 0 -630.828 0 0 0  50 0.9928
Pylon -881.572 0 -671.81 0 0 0  50 0.7987
Pylon -888.402 0 -705.961 0 0 0  50 0.8104
Pylon -888.402 0 -733.281 0 0 0  50 0.9076
Pylon -895.232 0 -774.263 0 0 0  50 0.8275
Pylon -902.063 0 -822.074 0 0 0  50 0.8665
Pylon -908.893 0 -869.885 0 0 0  50 0.8302
Pylon -314.665 0 11.2105 0 0 0  50 0.8647
Pylon -287.345 0 24.8709 0 0 0  50 0.8323
Pylon -1048.04 0 -1380.98 0 0 0  50 0.8536
Pylon -1040.19 0 -1420.21 0 0 0  50 0.7435
Pylon -1032.34 0 -1467.29 0 0 0  50 0.718
Pylon -1024.5 0 -1506.52 0 0 0  50 0.9154
Pylon -1000.96 0 -1553.59 0 0 0  50 0.9259
Pylon -961.731 0 -1584.97 0 0 0  50 0.7417
Pylon -906.81 0 -1608.51 0 0 0  50 0.8269
Pylon -867.581 0 -1616.36 0 0 0  50 0.7837
Pylon -828.352 0 -1639.9 0 0 0  50 0.9988
Pylon -796.969 0 -1647.74 0 0 0  50 0.9061
Pylon -757.739 0 -1647.74 0 0 0  50 0.8587
Pylon -702.818 0 -1647.74 0 0 0  50 0.8647
Pylon -671.435 0 -1655.59 0 0 0  50 0.8311
Pylon -498.827 0 -2040.03 0 0 0  50 0.9598
Pylon -357.601 0 -2094.95 0 0 0  50 0.9847
Pylon -898.964 0 -1380.98 0 0 0  50 0.7579
Pylon -867.581 0 -1412.37 0 0 0  50 0.7585
Pylon -828.352 0 -1435.9 0 0 0  50 0.7891
Pylon -773.431 0 -1459.44 0 0 0  50 0.8248
Pylon -498.827 0 -1522.21 0 0 0  50 0.7858
Pylon -262.388 0 -2923.21 0 0 0  50 0.7315
Pylon -230.916 0 -2944.91 0 0 0  50 0.8464
Pylon -182.181 0 -2989.59 0 0 0  50 0.7846
Pylon -125.323 0 -3013.96 0 0 0  50 0.8365
Pylon -105.017 0 -3034.26 0 0 0  50 0.9202
Pylon -68.4655 0 -3046.45 0 0 0  50 0.7342
Pylon -206.548 0 -2965.22 0 0 0  50 0.9103
Pylon -153.752 0 -2997.71 0 0 0  50 0.7948
Pylon -105.017 0 -3034.26 0 0 0  50 0.9013
Pylon -27.8529 0 -3050.51 0 0 0  50 0.9358
Pylon 37.1273 0 -3062.69 0 0 0  50 0.7789
Pylon 12.7598 0 -3054.57 0 0 0  50 0.7939
Pylon 74.0869 0 -3061.75 0 0 0  50 0.8065
Pylon 107.075 0 -3061.75 0 0 0  50 0.7555
Pylon 133.465 0 -3055.16 0 0 0  50 0.7159
Pylon 179.648 0 -3035.36 0 0 0  50 0.9736
Pylon 192.843 0 -3015.57 0 0 0  50 0.9424
Pylon 206.038 0 -3002.38 0 0 0  50 0.9496
Pylon 219.233 0 -2989.18 0 0 0  50 0.9835
Pylon 153.257 0 -3055.16 0 0 0  50 0.7939
Pylon -209.607 0 -2685.7 0 0 0  50 0.9268
Pylon -145.629 0 -2709.36 0 0 0  50 0.7963
Pylon -96.8943 0 -2709.36 0 0 0  50 0.8674
Pylon -44.0979 0 -2701.24 0 0 0  50 0.8938
Pylon -44.0979 0 -2701.24 0 0 0  50 0.9946
Pylon -11.6078 0 -2697.18 0 0 0  50 0.8443
Pylon 24.9435 0 -2693.12 0 0 0  50 0.7432
Pylon 57.4336 0 -2697.18 0 0 0  50 0.7588
Pylon 100.477 0 -2692.29 0 0 0  50 0.7666
Pylon 140.062 0 -2705.49 0 0 0  50 0.7387
Pylon 166.452 0 -2718.68 0 0 0  50 0.7483
Pylon 192.843 0 -2751.67 0 0 0  50 0.8605
Pylon 219.233 0 -2778.06 0 0 0  50 0.835
Pylon -24.8762 0 -2870.43 0 0 0  50 0.7519
Pylon -31.4738 0 -2857.23 0 0 0  50 0.8398
Pylon -18.2787 0 -2870.43 0 0 0  50 0.7132
Pylon -5.0836 0 -2857.23 0 0 0  50 0.8977
Pylon 1.51394 0 -2890.22 0 0 0  50 0.7876
Pylon -38.0713 0 -2877.02 0 0 0  50 0.8317
Pylon -493.302 0 -1973.16 0 0 0  50 0.7759
Pylon -466.911 0 -1933.58 0 0 0  50 0.7072
Pylon -447.119 0 -1893.99 0 0 0  50 0.7462
Pylon -407.534 0 -1867.6 0 0 0  50 0.853
Pylon -361.351 0 -1861 0 0 0  50 0.9235
Pylon -321.766 0 -1861 0 0 0  50 0.8947
Pylon -288.778 0 -1874.2 0 0 0  50 0.7558
Pylon -268.985 0 -1874.2 0 0 0  50 0.7939
Pylon -242.595 0 -1874.2 0 0 0  50 0.8422
Pylon -216.205 0 -1874.2 0 0 0  50 0.7066
Pylon -196.412 0 -1874.2 0 0 0  50 0.7504
Pylon -150.229 0 -1880.8 0 0 0  50 0.7054
Pylon -104.047 0 -1887.39 0 0 0  50 0.9361
Pylon -71.059 0 -1893.99 0 0 0  50 0.9715
Pylon -18.2787 0 -1900.59 0 0 0  50 0.9874
Pylon -334.961 0 -2065.53 0 0 0  50 0.8173
Pylon -321.766 0 -2039.14 0 0 0  50 0.7606
Pylon -282.18 0 -2052.33 0 0 0  50 0.8875
Pylon -295.375 0 -2032.54 0 0 0  50 0.8431
Pylon -262.388 0 -2045.73 0 0 0  50 0.8242
Pylon -216.205 0 -2039.14 0 0 0  50 0.7942
Pylon -150.229 0 -2045.73 0 0 0  50 0.9472
Pylon -104.047 0 -2052.33 0 0 0  50 0.8002
Pylon -183.217 0 -2045.73 0 0 0  50 0.9622
Pylon -84.2541 0 -2052.33 0 0 0  50 0.8116
Pylon -51.2664 0 -2065.53 0 0 0  50 0.7477
Pylon -31.4738 0 -2091.92 0 0 0  50 0.9499
Pylon -18.2787 0 -2131.5 0 0 0  50 0.721
Pylon -11.6811 0 -2190.88 0 0 0  50 0.8461
Pylon -11.6811 0 -2250.26 0 0 0  50 0.7891
Pylon -5.0836 0 -2283.25 0 0 0  50 0.8554
Pylon -5.0836 0 -2322.83 0 0 0  50 0.7531
Pylon 8.11148 0 -2388.81 0 0 0  50 0.9319
Pylon 34.5016 0 -2434.99 0 0 0  50 0.781
Pylon 80.6844 0 -2487.77 0 0 0  50 0.9289
Pylon 120.27 0 -2514.16 0 0 0  50 0.9004
Pylon 146.66 0 -2527.35 0 0 0  50 0.7576
Pylon 179.648 0 -2527.35 0 0 0  50 0.9955
Pylon 206.038 0 -2527.35 0 0 0  50 0.7306
Pylon 272.013 0 -2533.95 0 0 0  50 0.844
Pylon 232.428 0 -2533.95 0 0 0  50 0.7639
Pylon 311.598 0 -2540.55 0 0 0  50 0.8881
Pylon 384.171 0 -2533.95 0 0 0  50 0.9406
Pylon 436.952 0 -2533.95 0 0 0  50 0.7297
Pylon 549.11 0 -2507.56 0 0 0  50 0.8581
Pylon 483.134 0 -2520.76 0 0 0  50 0.8875
Pylon 516.122 0 -2520.76 0 0 0  50 0.8629
Pylon 568.902 0 -2494.37 0 0 0  50 0.9772
Pylon 582.097 0 -2487.77 0 0 0  50 0.7069
Pylon 608.488 0 -2461.38 0 0 0  50 0.9916
Pylon 628.28 0 -2441.59 0 0 0  50 0.7183
Pylon 634.878 0 -2415.2 0 0 0  50 0.7543
Pylon 634.878 0 -2375.61 0 0 0  50 0.7009
Pylon 621.683 0 -2336.03 0 0 0  50 0.8296
Pylon 21.3066 0 -1926.98 0 0 0  50 0.8515
Pylon 60.8918 0 -1959.97 0 0 0  50 0.8779
Pylon 74.0869 0 -1999.55 0 0 0  50 0.9175
Pylon 87.282 0 -2039.14 0 0 0  50 0.7093
Pylon 100.477 0 -2085.32 0 0 0  50 0.8476
Pylon 100.477 0 -2124.9 0 0 0  50 0.7426
Pylon 107.075 0 -2157.89 0 0 0  50 0.7666
Pylon 120.27 0 -2197.48 0 0 0  50 0.7858
Pylon 120.27 0 -2243.66 0 0 0  50 0.7192
Pylon 126.867 0 -2276.65 0 0 0  50 0.97
Pylon 146.66 0 -2329.43 0 0 0  50 0.7561
Pylon 166.452 0 -2375.61 0 0 0  50 0.808
Pylon 192.843 0 -2388.81 0 0 0  50 0.8239
Pylon 232.428 0 -2402 0 0 0  50 0.9922
Pylon 258.818 0 -2402 0 0 0  50 0.781
Pylon 291.806 0 -2408.6 0 0 0  50 0.751
Pylon 337.988 0 -2408.6 0 0 0  50 0.7705
Pylon 384.171 0 -2395.4 0 0 0  50 0.9499
Pylon 423.756 0 -2382.21 0 0 0  50 0.9133
Pylon 456.744 0 -2375.61 0 0 0  50 0.928
Pylon 483.134 0 -2355.82 0 0 0  50 0.9688
Pylon 483.134 0 -2342.62 0 0 0  50 0.9001
StopSign 318.196 125 -1649.88  -200.772
Pylon 344.586 0 -1920.38 0 0 0  50 0.7855
Pylon 331.391 0 -1900.59 0 0 0  50 0.865
Pylon 324.793 0 -1880.8 0 0 0  50 0.742
Pylon 305.001 0 -1841.21 0 0 0  50 0.9082
Pylon 291.806 0 -1821.42 0 0 0  50 0.9085
Pylon 278.611 0 -1795.03 0 0 0  50 0.8872
Pylon 272.013 0 -1755.44 0 0 0  50 0.7057
Pylon 272.013 0 -1722.45 0 0 0  50 0.7375
Pylon 285.208 0 -1696.06 0 0 0  50 0.8728
Pylon 311.598 0 -1669.67 0 0 0  50 0.9082
Pylon 337.988 0 -1663.08 0 0 0  50 0.8974
Pylon 364.379 0 -1643.28 0 0 0  50 0.7906
Pylon 390.769 0 -1616.89 0 0 0  50 0.8113
Pylon 410.561 0 -1597.1 0 0 0  50 0.8398
Pylon 436.952 0 -1564.11 0 0 0  50 0.9034
Pylon 463.342 0 -1880.8 0 0 0  50 0.9271
Pylon 450.147 0 -1854.41 0 0 0  50 0.751
Pylon 443.549 0 -1834.61 0 0 0  50 0.7945
Pylon 443.549 0 -1795.03 0 0 0  50 0.8728
Pylon 450.147 0 -1755.44 0 0 0  50 0.7681
Pylon 469.939 0 -1729.05 0 0 0  50 0.7129
Pylon 502.927 0 -1696.06 0 0 0  50 0.9274
Pylon 535.915 0 -1656.48 0 0 0  50 0.7492
Pylon 595.292 0 -1379.38 0 0 0  50 0.8731
Pylon 100.477 0 -943.945 0 0 0  50 0.7606
Pylon 27.9041 0 -924.152 0 0 0  50 0.7348
Pylon 14.709 0 -897.762 0 0 0  50 0.709
Pylon -24.8762 0 -877.969 0 0 0  50 0.7978
Pylon -57.8639 0 -851.579 0 0 0  50 0.7033
Pylon -104.047 0 -825.189 0 0 0  50 0.9313
Pylon -189.815 0 -818.591 0 0 0  50 0.8233
Pylon -150.229 0 -831.787 0 0 0  50 0.8641
Pylon -222.802 0 -838.384 0 0 0  50 0.7459
Pylon -268.985 0 -844.982 0 0 0  50 0.856
Pylon -328.363 0 -858.177 0 0 0  50 0.937
Pylon -354.753 0 -884.567 0 0 0  50 0.9772
Pylon -367.948 0 -917.555 0 0 0  50 0.7564
Pylon -400.936 0 -943.945 0 0 0  50 0.9289
Pylon -414.131 0 -976.932 0 0 0  50 0.982
Pylon -427.326 0 -1016.52 0 0 0  50 0.9553
Pylon -433.924 0 -1056.1 0 0 0  50 0.8986
Pylon -440.521 0 -1075.9 0 0 0  50 0.9487
Pylon -460.314 0 -1128.68 0 0 0  50 0.97
Pylon -473.509 0 -1155.07 0 0 0  50 0.9139
Pylon -493.302 0 -1168.26 0 0 0  50 0.9874
Pylon -750.606 0 -1451.96 0 0 0  50 0.8734
Pylon -684.63 0 -1412.37 0 0 0  50 0.8095
Pylon -645.045 0 -1372.78 0 0 0  50 0.7021
Pylon -612.057 0 -1352.99 0 0 0  50 0.8431
Pylon -572.472 0 -1320 0 0 0  50 0.76
Pylon -539.484 0 -1280.42 0 0 0  50 0.7174
Pylon -519.692 0 -1240.83 0 0 0  50 0.8317
Pylon -506.497 0 -1207.85 0 0 0  50 0.7909
Pylon -493.302 0 -1174.86 0 0 0  50 0.928
Pylon -717.618 0 -1438.76 0 0 0  50 0.8071
Pylon 54.2943 0 -1201.25 0 0 0  50 0.9661
Pylon 8.11148 0 -1214.44 0 0 0  50 0.9403
Pylon -31.4738 0 -1234.24 0 0 0  50 0.955
Pylon -57.8639 0 -1254.03 0 0 0  50 0.838
Pylon -84.2541 0 -1267.22 0 0 0  50 0.8284
Pylon -117.242 0 -1280.42 0 0 0  50 0.9979
Pylon -156.827 0 -1320 0 0 0  50 0.8152
Pylon -203.01 0 -1352.99 0 0 0  50 0.8215
Pylon -242.595 0 -1372.78 0 0 0  50 0.862
Pylon -275.583 0 -1392.58 0 0 0  50 0.7333
Pylon -328.363 0 -1418.97 0 0 0  50 0.9112
Pylon -367.948 0 -1438.76 0 0 0  50 0.9505
Pylon -394.338 0 -1458.55 0 0 0  50 0.8068
Pylon -499.899 0 -2012.75 0 0 0  50 0.7216
Pylon -645.045 0 -1643.28 0 0 0  50 0.805
Pylon -625.252 0 -1636.69 0 0 0  50 0.9469
Pylon -605.46 0 -1610.3 0 0 0  50 0.8455
Pylon -579.07 0 -1597.1 0 0 0  50 0.8668
Pylon -559.277 0 -1583.91 0 0 0  50 0.7648
Pylon -526.289 0 -1564.11 0 0 0  50 0.8878
Pylon -499.899 0 -1537.72 0 0 0  50 0.8071
Pylon -440.521 0 -1498.14 0 0 0  50 0.8578
Pylon -466.911 0 -1511.33 0 0 0  50 0.8071
Pylon -420.729 0 -1478.35 0 0 0  50 0.8011
Pylon 857.895 0 -812.581 0 0 0  50 0.7813
Pylon 884.689 0 -823.299 0 0 0  50 0.9607
Pylon 911.484 0 -828.658 0 0 0  50 0.8083
Pylon 938.278 0 -839.376 0 0 0  50 0.9688
Pylon 1404.65 0 -783.026 0 0 0  50 0.7066
Pylon 1398.06 0 -750.039 0 0 0  50 0.8851
Pylon 1312.29 0 -670.868 0 0 0  50 0.7336
Pylon 1259.51 0 -657.673 0 0 0  50 0.9151
Pylon 1398.06 0 -954.562 0 0 0  50 0.9088
Pylon 1140.75 0 -802.819 0 0 0  50 0.8755
Pylon 1173.74 0 -835.807 0 0 0  50 0.7123
Pylon 1186.93 0 -875.392 0 0 0  50 0.8269
Tunnel -976.436 0 -1108.39  0
Tunnel -435.438 0 -2309.14  0
Tunnel 475.023 0 -2124.41  -20.6182
Pylon 809.346 0 618.162 0 0 0  50 0.7123
Pylon 771.109 0 592.671 0 0 0  50 0.8401
Pylon 745.618 0 560.807 0 0 0  50 0.8002
Pylon 701.008 0 503.451 0 0 0  50 0.85
Pylon 688.263 0 446.096 0 0 0  50 0.7507
Pylon 694.636 0 407.859 0 0 0  50 0.9172
Pylon 707.381 0 331.386 0 0 0  50 0.8434
Pylon 726.5 0 261.285 0 0 0  50 0.8074
Pylon 777.482 0 210.303 0 0 0  50 0.9886
Pylon 815.719 0 178.438 0 0 0  50 0.8392
Pylon 873.074 0 140.202 0 0 0  50 0.9115
Pylon 943.175 0 114.71 0 0 0  50 0.7435
Pylon 994.157 0 101.965 0 0 0  50 0.7843
Pylon 904.938 0 114.71 0 0 0  50 0.9481
Pylon 841.21 0 152.947 0 0 0  50 0.9883
Pylon 751.991 0 223.048 0 0 0  50 0.8473
Pylon 701.008 0 299.522 0 0 0  50 0.9985
Pylon 681.89 0 350.504 0 0 0  50 0.9826
Pylon 1026.02 0 95.592 0 0 0  50 0.9481
Pylon 1070.63 0 114.71 0 0 0  50 0.8308
Pylon 1115.24 0 127.456 0 0 0  50 0.8173
Pylon 1153.48 0 146.574 0 0 0  50 0.8812
Pylon 1185.34 0 172.066 0 0 0  50 0.9706
Pylon 1210.83 0 197.557 0 0 0  50 0.7459
Pylon 1229.95 0 229.421 0 0 0  50 0.7876
Pylon 1236.32 0 254.912 0 0 0  50 0.8146
Pylon 1249.07 0 305.895 0 0 0  50 0.8263
Pylon 1255.44 0 363.25 0 0 0  50 0.9148
Pylon 1255.44 0 401.487 0 0 0  50 0.9154
Pylon 1242.7 0 433.351 0 0 0  50 0.9685
Pylon 1229.95 0 465.215 0 0 0  50 0.8341
Pylon 1191.71 0 503.451 0 0 0  50 0.9178
Pylon 1166.22 0 541.688 0 0 0  50 0.9313
Pylon 1140.73 0 567.179 0 0 0  50 0.8614
Pylon 1115.24 0 592.671 0 0 0  50 0.9607
Pylon 1089.75 0 611.789 0 0 0  50 0.9736
Pylon 1051.51 0 624.535 0 0 0  50 0.9001
Pylon 1019.65 0 643.653 0 0 0  50 0.7897
Pylon 968.666 0 650.026 0 0 0  50 0.7105
Pylon 917.684 0 643.653 0 0 0  50 0.9682
Pylon 853.956 0 650.026 0 0 0  50 0.9109
Pylon 828.464 0 624.535 0 0 0  50 0.9433
Pylon 879.447 0 637.28 0 0 0  50 0.7966
Pylon 873.074 0 414.232 0 0 0  50 0.7999
Pylon 853.956 0 369.623 0 0 0  50 0.9019
Pylon 860.328 0 337.759 0 0 0  50 0.8992
Pylon 879.447 0 299.522 0 0 0  50 0.7423
Pylon 911.311 0 267.658 0 0 0  50 0.9133
Pylon 955.92 0 267.658 0 0 0  50 0.7759
Pylon 994.157 0 254.912 0 0 0  50 0.9604
Pylon 1019.65 0 254.912 0 0 0  50 0.8641
Pylon 1057.89 0 274.031 0 0 0  50 0.8932
Pylon 1070.63 0 299.522 0 0 0  50 0.8986
Pylon 1077 0 337.759 0 0 0  50 0.9271
Pylon 1064.26 0 375.995 0 0 0  50 0.7111
Pylon 1032.39 0 407.859 0 0 0  50 0.9577
Pylon 1000.53 0 439.723 0 0 0  50 0.9169
Pylon 955.92 0 446.096 0 0 0  50 0.9223
Pylon 898.565 0 433.351 0 0 0  50 0.8587
Pylon 930.429 0 439.723 0 0 0  50 0.9334
RoboticCar 1155.46 0 410.653 -44.4437 0 89.581  5000 -47906.7 true car2
RoboticCar 976.319 0 176.251 99.731 0 -7.32984  5000 -47426.2 true car3
Tunnel 470 0 -730  89.1186
RoboticCar 481.965 0 -2144.37 -43.4793 0 90.053  5000 1054.23 true car1
RoboticCar 551.486 0 -2854.62 -97.5698 0 -21.9118  5000 977.343 true car4
RoboticCar -954.282 0 -1453.58 -51.9881 0 85.4239  5000 1049.37 true car5
RoboticCar -983.54 0 -853.022 -3.67058 0 99.9326  5000 1077.9 true car6
RoboticCar 1207.05 0 -737.394 96.095 0 -27.6721  5000 826.762 true car7
RoboticCar -8.37544 0 -399.692 -2.56348 0 -99.9671  5000 901.469 true car8
RoboticCar -358.304 0 -1952.57 84.2657 0 53.845  5000 1138.22 true car9
RoboticCar -311.926 0 -1207.71 -57.8261 0 -81.5852  5000 935.69 true car10
RoboticCar -424.779 0 -2594.64 -25.5215 0 96.6884  5000 1065.58 true car11
RoboticCar 1293.76 0 -1315.59 0.410859 0 -99.9992  5000 899.765 true car12
RoboticCar 1153.5 0 -2608.4 -82.4015 0 -56.6568  5000 955.489 true car13
RoboticCar 336.903 31.1654 -1230.71 -80.0701 0 59.9065  5000 1026.8 true car14
RoboticCar -365.057 0 99.6388 87.6297 0 48.1771  5000 781.199 true car15
Ramp 370 0 -1260 0 0 0  150000 -50.371
Pylon 475.023 0 -1543.82 0 0 0  50 0.7123
Pylon 499.998 0 -1527.77 0 0 0  50 0.8401
Pylon 510.716 0 -1506.34 0 0 0  50 0.8002
Pylon 505.357 0 -1479.54 0 0 0  50 0.85
Pylon 494.64 0 -1458.11 0 0 0  50 0.7507
Pylon 591.099 0 -1600.12 0 0 0  50 0.9172
Pylon 604.496 0 -1584.04 0 0 0  50 0.8434
Pylon 615.214 0 -1562.61 0 0 0  50 0.8074
Pylon 623.252 0 -1538.49 0 0 0  50 0.9886
Pylon 625.932 0 -1498.3 0 0 0  50 0.8392
Pylon 627.425 0 -1466.63 0 0 0  50 0.9115
Pylon 624.837 0 -1432.98 0 0 0  50 0.7435
Pylon 619.66 0 -1407.1 0 0 0  50 0.7843
Pylon 557.544 0 -1640.04 0 0 0  50 0.9481
Pylon 578.25 0 -1627.1 0 0 0  50 0.9883
Pylon 81.3224 0 -1187.11 0 0 0  50 0.8473
Pylon 117.557 0 -1181.93 0 0 0  50 0.9985
Pylon 153.791 0 -1184.52 0 0 0  50 0.9826
Pylon 254.729 0 -1065.46 0 0 0  50 0.9481
Pylon 234.024 0 -1042.17 0 0 0  50 0.8308
Pylon 210.731 0 -1018.88 0 0 0  50 0.8173
Pylon 187.437 0 -1005.94 0 0 0  50 0.8812
Pylon 153.791 0 -987.819 0 0 0  50 0.9706
Pylon 122.733 0 -977.467 0 0 0  50 0.7459
RoboticCar -964.264 0 -571.515 19.6359 0 98.0532  5000 731.324 true car16
RoboticCar 985.263 0 -2260.4 -0 0 -0  5000 187.094 false mainCar
